time_final: 0.010003494262695313
mass_initial: 0.14179630807244126
mass_final: 0.1417829932810761
rel_mass_drift: -9.390083244164549e-05
l2_initial: 0.3166466974172319
l2_final: 0.19296312820045453
min_final: 0.00340493723172892
max_final: 0.3713610715513767
mean_final: 0.14179630807244126
