time_final: 0.010003494262695313
mass_initial: 0.04021238593267671
mass_final: 0.04021238593267671
rel_mass_drift: 0.0
l2_initial: 0.14179630807244128
l2_final: 0.06981887675365729
min_final: 7.508265243200076e-05
max_final: 0.24238662378597348
mean_final: 0.04021238593267671
